61 61 61 61 61 61 61 61 61 61 61 61 61 61 61 61 61 61 61 61
61 61 61 61 61 61 61 61 61 61 61 61 61 61 61 61 61 61 61 61
61 61 61 61 61 61 61 61 61 61 61 61 61 61 61 61 61 61 61 61
62 62 62 62 62 62 62 62 62 62 62 62 62 62 62 62 62 62 62 62
63 63 63 63 63 63 63 63 63 63 63 63 63 63 63 63 63 63 63 63
65 64 65 64 65 64 65 64 65 64 65 64 65 64 65 64 65 64 65 64
64 65 64 65 64 65 64 65 64 65 64 65 64 65 64 65 64 65 64 65
65 64 65 64 65 64 65 64 65 64 65 64 65 64 65 64 65 64 65 64
64 65 64 65 64 65 64 65 64 65 64 65 64 65 64 65 64 65 64 65
65 64 65 64 65 64 65 64 65 64 65 64 65 64 65 64 65 64 65 64
64 65 64 65 64 65 64 65 64 65 64 65 64 65 64 65 64 65 64 65
65 64 65 64 65 64 65 64 65 64 65 64 65 64 65 64 65 64 65 64
64 65 64 65 64 65 64 65 64 65 64 65 64 65 64 65 64 65 64 65
65 64 65 64 65 64 65 64 65 64 65 64 65 64 65 64 65 64 65 64
64 65 64 65 64 65 64 65 64 65 64 65 64 65 64 65 64 65 64 65