13 13 13 13 13 13 13 13 13 13 13 13 13 13 13 13 13 13 13 13 13 13 13 13 13 13
13 13 13 13 13 13 13 13 13 13 13 13 13 13 13 13 13 13 13 13 13 13 13 13 13 13
13 13 13 13 13 13 13 13 13 13 13 13 13 13 13 13 13 13 13 13 13 13 13 13 13 13
13 13 13 13 13 13 13 13 13 13 13 13 13 13 13 13 13 13 13 13 13 13 13 13 13 13
13 13 13 13 13 13 13 13 13 13 13 13 13 13 13 13 13 13 13 13 13 13 13 13 13 13
13 13 13 13 13 13 13 13 13 13 13 13 13 13 13 13 13 13 13 13 13 13 13 13 13 13
13 13 13 13  3  4 12 13 13 13 13 13 13 13 13 13 13 13 13 13 13 13 13 13 13 13
13 13 13 13  3  4 12 13 13 13 13 13 13 13 13 13 13 13 13 13 13 13 13 13 13 13
13 13 13 13  3  4 12 13 13 13 13 13 13 13 13 13 13 13 13 13 13 13 13 13 13 13
13 13 13 13  3  4 15 16 16 16 16 16 16 16 16 16 16 16 16 16 16 16 16 16 16 16
13 13 13 13  3  4  4  4  4  4  4  4  4  4  4  4  4  4  4  4  4  4  4  4  4  4
13 13 13 13  6  7  7  7  7  7  7  7  7  7  7  7  7  7  7  7  7  7  7  7  7  7
13 13 13 13 13 13 13 13 13 13 13 13 13 13 13 13 13 13 13 13 13 13 13 13 13 13
13 13 13 13 13 13 13 13 13 13 13 13 13 13 13 13 13 13 13 13 13 13 13 13 13 13
13 13 13 13 13 13 13 13 13 13 13 13 13 13 13 13 13 13 13 13 13 13 13 13 13 13